,year,Newspaper,Like Count,Joy,Optimism,Anger,Sadness,Positive,Neutral,Negative
7,2011,Daily Express,0.0,0.0935425925925926,0.12112777777777778,0.5459722222222222,0.2393537037037037,0.06292407407407408,0.4855777777777778,0.4515037037037037
8,2011,Daily Mail,0.13165266106442577,0.06915910364145658,0.1003610644257703,0.6109324929971989,0.21954677871148462,0.03468487394957983,0.453190756302521,0.5121224089635854
9,2011,The Sun,0.3,0.22574,0.13587,0.5512900000000001,0.0871,0.044230000000000005,0.58917,0.3666
10,2012,Daily Express,0.09090909090909091,0.07117272727272728,0.08538181818181818,0.6283818181818183,0.21507272727272728,0.018127272727272728,0.4772636363636364,0.5046
11,2012,Daily Mail,0.6480263157894737,0.08426019736842105,0.10688651315789473,0.6413302631578948,0.16751875,0.03568552631578947,0.4532480263157894,0.5110664473684211
12,2012,The Sun,1.4230769230769231,0.049911538461538466,0.06561538461538462,0.7055423076923077,0.17892307692307693,0.01288076923076923,0.42281153846153846,0.5643076923076923
13,2013,Daily Express,0.5625,0.04323625,0.1155375,0.6792225000000001,0.16199875,0.031398749999999996,0.4248875,0.54372
14,2013,Daily Mail,3.7465753424657535,0.08063390410958905,0.0809722602739726,0.6495030821917808,0.18889486301369862,0.030743493150684933,0.4196489726027397,0.549604109589041
15,2013,The Sun,2.5625,0.08168125,0.09348125,0.6820895833333332,0.14275000000000002,0.04119375,0.4608791666666667,0.4979291666666667
16,2014,Daily Express,1.6099290780141844,0.03331631205673759,0.10128085106382978,0.6699482269503546,0.19546028368794324,0.027311347517730497,0.45913191489361704,0.5135588652482269
17,2014,Daily Mail,9.094890510948906,0.07607128953771289,0.09232846715328467,0.6278515815085158,0.20374720194647203,0.023553041362530416,0.46442335766423354,0.5120226277372263
18,2014,The Sun,7.606334841628959,0.09226244343891403,0.12167194570135746,0.5952999999999999,0.1907710407239819,0.03469502262443439,0.5032081447963801,0.46209683257918555
19,2015,Daily Express,4.9618138424821,0.04700143198090692,0.0842599045346062,0.678138186157518,0.1906003579952267,0.027194988066825777,0.45063042959427213,0.5221738663484488
20,2015,Daily Mail,24.300245098039216,0.07498075980392156,0.0911280637254902,0.604159681372549,0.2297328431372549,0.03125110294117647,0.4524919117647059,0.5162572303921569
21,2015,The Sun,6.462435233160622,0.10090505181347151,0.10383847150259068,0.5504479274611399,0.24481126943005183,0.034952331606217614,0.4836678756476684,0.4813786269430052
23,2016,Daily Mail,31.85034013605442,0.07718219954648527,0.08704399092970522,0.6251609977324264,0.2106138321995465,0.03040328798185941,0.43016972789115643,0.5394247165532879
24,2016,The Sun,6.724820143884892,0.05523237410071942,0.07224478417266188,0.6593978417266187,0.2131276978417266,0.020070503597122303,0.41872176258992805,0.5612043165467626
22,2016,Daily Express,4.8047571853320115,0.053358969276511396,0.08139088206144698,0.6912741328047571,0.1739778989098117,0.0331189296333003,0.44385252725470764,0.5230290386521308
25,2017,Daily Express,5.357142857142857,0.04699198250728863,0.08743294460641399,0.6646096209912536,0.20096574344023324,0.03450379008746356,0.4640265306122449,0.5014711370262391
26,2017,Daily Mail,34.536394176931694,0.05458701007838746,0.08462676371780516,0.6397257558790593,0.22106270996640537,0.02719518477043673,0.4135589025755879,0.5592466965285554
27,2017,The Sun,17.20470588235294,0.06341717647058824,0.07532211764705882,0.6385727058823529,0.22268894117647056,0.034503529411764704,0.41386705882352937,0.5516334117647058
28,2018,Daily Express,3.6363636363636362,0.10328760330578513,0.08317438016528926,0.6451884297520661,0.16835867768595042,0.028755371900826446,0.46956363636363635,0.5016752066115703
29,2018,Daily Mail,30.622377622377623,0.08228857808857809,0.09134592074592074,0.645125407925408,0.18123496503496503,0.033425874125874125,0.42928275058275056,0.5372925407925409
30,2018,The Sun,11.138461538461538,0.07420384615384615,0.06735538461538461,0.6481792307692308,0.21026153846153847,0.031593076923076925,0.3899469230769231,0.5784630769230769
33,2019,The Sun,20.993071593533486,0.08120739030023094,0.07579699769053116,0.6130609699769053,0.22993464203233258,0.04429653579676674,0.37887367205542727,0.5768321016166282
31,2019,Daily Express,5.391304347826087,0.07237971014492754,0.10439275362318841,0.6059702898550725,0.21726376811594203,0.04163478260869565,0.46195289855072463,0.4964152173913044
32,2019,Daily Mail,45.65714285714286,0.08134375,0.08947482142857142,0.6103594642857143,0.21881946428571428,0.04525892857142857,0.39600625,0.5587362499999999
34,2020,Daily Express,9.057142857142857,0.14579999999999999,0.09920571428571429,0.5837628571428571,0.17121714285714287,0.03574571428571428,0.4884457142857143,0.47581428571428575
35,2020,Daily Mail,56.1953488372093,0.0609139534883721,0.0799453488372093,0.6301581395348838,0.22897953488372094,0.03109441860465116,0.41229697674418603,0.5566083720930233
36,2020,The Sun,32.324561403508774,0.07594649122807018,0.08543421052631578,0.6685473684210526,0.1700657894736842,0.051514912280701756,0.4051421052631579,0.5433429824561403
37,2021,Daily Express,4.161764705882353,0.1536794117647059,0.10338382352941176,0.5345514705882353,0.20838823529411765,0.07845882352941178,0.468089705882353,0.45345882352941175
38,2021,Daily Mail,29.947780678851174,0.06769869451697128,0.08588746736292428,0.6366391644908616,0.20977597911227155,0.028881984334203654,0.4317882506527415,0.5393287206266318
39,2021,The Sun,44.46969696969697,0.046274242424242426,0.09186969696969696,0.6367984848484849,0.2250469696969697,0.02583181818181818,0.41611818181818183,0.5580515151515152
41,2022,Daily Mail,34.642857142857146,0.06387301587301587,0.07718968253968253,0.6695166666666666,0.18943174603174603,0.039023015873015876,0.4060206349206349,0.5549642857142857
40,2022,Daily Express,18.91891891891892,0.23211351351351353,0.1814918918918919,0.49506756756756753,0.09135135135135135,0.1181972972972973,0.5674891891891892,0.3143243243243243
42,2022,The Sun,11.0,0.02937777777777778,0.13342222222222222,0.6472444444444444,0.18995555555555554,0.02241111111111111,0.4554444444444445,0.5221444444444444
