,year,Newspaper,Like Count,Joy,Optimism,Anger,Sadness,Positive,Neutral,Negative
0,2011,Daily Express,0.0,0.0373,0.08170000000000001,0.56945,0.3116,0.01035,0.45975,0.5299
1,2011,Daily Mail,0.0,0.013119999999999998,0.04192,0.6758,0.26914,0.009739999999999999,0.4276,0.5626599999999999
2,2012,Daily Express,0.0,0.08535000000000001,0.4094,0.3191,0.18614999999999998,0.027049999999999998,0.7726999999999999,0.20024999999999998
3,2012,Daily Mail,0.36666666666666664,0.026353333333333333,0.15580000000000002,0.53898,0.2788833333333333,0.03174,0.48178666666666664,0.4864633333333333
4,2013,Daily Express,0.0,0.03456153846153846,0.1805923076923077,0.6298,0.15505384615384615,0.049253846153846155,0.631623076923077,0.31912307692307695
5,2013,Daily Mail,1.6111111111111112,0.0457,0.11822777777777776,0.47273333333333334,0.3633611111111111,0.02538888888888889,0.555661111111111,0.4189333333333333
6,2013,The Sun,2.25,0.046075000000000005,0.19685000000000002,0.667575,0.089475,0.053325,0.6156,0.3311
7,2014,Daily Express,0.5,0.1055125,0.2057375,0.4883125,0.2004375,0.0784,0.5609875,0.3606125
8,2014,Daily Mail,4.857142857142857,0.050114285714285715,0.1343142857142857,0.46881904761904764,0.34674285714285713,0.028347619047619045,0.5560095238095238,0.41563333333333335
9,2014,The Sun,1.0,0.2464,0.185,0.425,0.1436,0.0123,0.6882,0.2995
10,2015,Daily Express,4.781818181818182,0.08554909090909092,0.17791636363636362,0.44786545454545457,0.28867818181818183,0.06191272727272728,0.6222272727272726,0.3158527272727273
11,2015,Daily Mail,25.044117647058822,0.11493529411764705,0.15564705882352942,0.4073279411764706,0.3220941176470588,0.056025,0.5817308823529411,0.36223970588235294
12,2015,The Sun,4.882352941176471,0.07123529411764706,0.1346,0.4953294117647059,0.29883529411764703,0.053399999999999996,0.5025647058823529,0.4440294117647059
14,2016,Daily Mail,24.70149253731343,0.08394925373134328,0.10604328358208955,0.44587014925373136,0.3641328358208955,0.03413731343283582,0.5177805970149253,0.44808358208955223
15,2016,The Sun,7.466666666666667,0.05554,0.10751333333333334,0.38354,0.4534066666666667,0.026746666666666665,0.48888,0.4844
13,2016,Daily Express,3.26027397260274,0.05291232876712329,0.10187945205479451,0.5355575342465754,0.30964794520547945,0.029417808219178082,0.5016575342465753,0.4689301369863014
16,2017,Daily Express,3.3703703703703702,0.0353037037037037,0.09605555555555556,0.6978666666666667,0.1707814814814815,0.032933333333333335,0.6238851851851851,0.34319259259259255
17,2017,Daily Mail,28.125,0.02795,0.11350625,0.43913125,0.419425,0.05448750000000001,0.36235,0.5831625
18,2017,The Sun,4.75,0.06575,0.136,0.644225,0.15405,0.0378,0.49135,0.47085
19,2018,Daily Express,3.7721518987341773,0.025673417721518987,0.07078227848101266,0.7822607594936709,0.12128354430379747,0.03444177215189873,0.5195126582278481,0.44604430379746834
20,2018,Daily Mail,46.294117647058826,0.06,0.1496764705882353,0.5699764705882353,0.22034117647058823,0.06345882352941176,0.5659823529411765,0.3705529411764706
21,2018,The Sun,7.5,0.044700000000000004,0.3359,0.07905,0.5403,0.06755,0.5447,0.38775
22,2019,Daily Express,3.0,0.012636363636363638,0.05345454545454545,0.8434636363636364,0.09043636363636363,0.011127272727272727,0.39335454545454546,0.5955181818181818
23,2019,Daily Mail,27.05263157894737,0.08175789473684211,0.08220526315789474,0.49878947368421056,0.3372631578947369,0.06531052631578947,0.4377,0.49698947368421054
24,2019,The Sun,15.0,0.013500000000000002,0.03325,0.6491,0.30419999999999997,0.0091,0.40964999999999996,0.5812999999999999
25,2020,Daily Express,11.0,0.014499999999999999,0.04235,0.85805,0.0851,0.01355,0.35660000000000003,0.6297999999999999
26,2020,Daily Mail,33.84615384615385,0.031961538461538465,0.10524615384615385,0.5963769230769231,0.2664153846153846,0.07176923076923078,0.42342307692307696,0.5048076923076923
27,2020,The Sun,20.0,0.0234,0.0613,0.7739,0.1414,0.0095,0.3358,0.6546
29,2021,Daily Mail,79.9,0.027459999999999995,0.054810000000000005,0.28683000000000003,0.63087,0.01009,0.39403,0.59589
28,2021,Daily Express,4.5,0.0128,0.0556,0.3779,0.55365,0.010600000000000002,0.42745,0.5619
30,2022,Daily Mail,31.0,0.03635,0.20375,0.56195,0.19795,0.0195,0.6367,0.3438
